0 0.6084881015625 0.436166303125 0.6011162453125001 0.394358428125 0.5577599281250001 0.40200331718750004 0.565131784375 0.4438111921875 0.6084881015625 0.436166303125
0 0.4952649296875 0.49125542343750006 0.48516275625 0.43396315 0.4232251609375 0.44488441874999995 0.4333273359375 0.50217669375 0.4952649296875 0.49125542343750006
9 0.5441867515625 0.41557271250000005 0.534630640625 0.3613773171875 0.47888680624999996 0.371206459375 0.48844291718750005 0.42540185468749997 0.5441867515625 0.41557271250000005
12 0.48070071875 0.42676701250000004 0.47169067187499997 0.3756684984375 0.4143983953125 0.38577067187499997 0.4234084421875 0.4368691875 0.48070071875 0.42676701250000004
3 0.6445396296875 0.559132646875 0.6044039671875 0.3315119875 0.40000990468750003 0.36755217500000004 0.44014556718750003 0.595172834375 0.6445396296875 0.559132646875
2 0.501727940625 0.5188543109375 0.47551689531249997 0.3702040828125 0.407385540625 0.38221747968750003 0.4335965875 0.53086770625 0.501727940625 0.5188543109375
1 0.6071191625 0.455566678125 0.6046618765625 0.44163071875000004 0.564402440625 0.44872954375 0.5668597265625 0.46266550312500004 0.6071191625 0.455566678125
2 0.5605724359375001 0.48133653125000003 0.538729896875 0.35746134375 0.47369542343750004 0.368928675 0.4955379609375 0.4928038640625 0.5605724359375001 0.48133653125000003
11 0.5566564609375 0.4772372765625 0.5476464140624999 0.426138759375 0.48725725937500003 0.436786996875 0.49626730625000004 0.4878855140625 0.5566564609375 0.4772372765625
1 0.49444205312499995 0.5137526765625 0.49116567343749995 0.4951714 0.4354218375 0.5050005421875 0.43869821875000004 0.52358181875 0.49444205312499995 0.5137526765625
2 0.6156804578124999 0.45884683906249996 0.5960221734375 0.34735916875 0.546472096875 0.356096184375 0.56613038125 0.4675838546875 0.6156804578124999 0.45884683906249996
1 0.5962016734375 0.3664865109375 0.5937443874999999 0.3525505515625 0.5503880718749999 0.360195440625 0.55284535625 0.3741314 0.5962016734375 0.3664865109375