3 0.52578125 0.53203125 0.2609375 0.2421875
2 0.5625 0.47265625 0.1640625 0.0875
2 0.565625 0.54140625 0.1328125 0.084375
2 0.5625 0.6046875 0.1203125 0.0703125
1 0.51953125 0.5984375 0.0203125 0.040625
1 0.6078125 0.61171875 0.0203125 0.0421875
0 0.55078125 0.603125 0.0453125 0.05
0 0.54296875 0.471875 0.0609375 0.0640625
1 0.5015625 0.465625 0.0265625 0.05625
12 0.60546875 0.48046875 0.0546875 0.0640625
11 0.5328125 0.53515625 0.05625 0.0671875
9 0.596875 0.5453125 0.0546875 0.0578125
2 0.5625 0.47421875 0.1625 0.090625