11 0.42088216718749993 0.5106037140625 0.42923006093750005 0.553549903125 0.4798452125 0.543711315625 0.47149731875 0.500765125 0.42088216718749993 0.5106037140625
11 0.562713103125 0.5196447046875 0.5743405265625 0.5794626109375 0.6479625640625 0.5651519359375 0.6363351421875 0.5053340296875 0.562713103125 0.5196447046875
9 0.49062485625 0.533657240625 0.5025504187500001 0.5950089390625 0.5700372875 0.5818908203125 0.5581117250000001 0.520539121875 0.49062485625 0.533657240625
10 0.4288888234375 0.5599832124999999 0.4372367171875 0.6029294015625 0.4909194546875 0.592494534375 0.4825715609375 0.5495483453125 0.4288888234375 0.5599832124999999
2 0.41325630156250004 0.5041273078125 0.4335297578125 0.6084251968750001 0.49488145625 0.596499634375 0.47460800000000003 0.4922017453125 0.41325630156250004 0.5041273078125
3 0.37291779375 0.3703030296875 0.422707015625 0.6264463734375 0.671181396875 0.5781478453125 0.6213921734375 0.322004503125 0.37291779375 0.3703030296875
2 0.54184336875 0.41227923125 0.5752349437500001 0.5840639890625 0.6595935296875 0.567666340625 0.6262019546875 0.3958815828125 0.54184336875 0.41227923125
7 0.550234359375 0.44725831875 0.563352478125 0.5147451875 0.635440725 0.500732653125 0.62232260625 0.43324578281250004 0.550234359375 0.44725831875
2 0.47022210937500003 0.45326065625 0.4988434578125 0.6005047328125 0.5786006671874999 0.585001503125 0.5499793171875 0.43775742500000003 0.47022210937500003 0.45326065625
13 0.47507852812499995 0.4618671328125 0.488196646875 0.5293540015625 0.56028489375 0.5153414656249999 0.547166775 0.44785459687499996 0.47507852812499995 0.4618671328125
1 0.55436875 0.4193950125 0.559138975 0.44393569218750006 0.6220244671875 0.43171199062500004 0.6172542421875 0.4071713109375 0.55436875 0.4193950125
3 0.521875 0.4765625 0.2953125 0.3078125