0 0.3803445828125 0.52173983125 0.3730188 0.5632864093750001 0.416104140625 0.5708835171875 0.42342992187500006 0.5293369390625 0.3803445828125 0.52173983125
0 0.504798421875 0.5087791109375 0.4947593875 0.565713309375 0.556309871875 0.5765663203125 0.56634890625 0.5196321234375 0.504798421875 0.5087791109375
9 0.4333910375 0.562825434375 0.42389465312499996 0.616682109375 0.4792900890625 0.62644981875 0.48878647343750004 0.5725931453124999 0.4333910375 0.562825434375
12 0.496480284375 0.5739497703125 0.48752655 0.6247289203124999 0.5444607484375 0.6347679562499999 0.5534144828125 0.58398880625 0.496480284375 0.5739497703125
3 0.388473071875 0.3946581734375 0.34858825625 0.620856203125 0.5517048546875001 0.656671140625 0.5915896703125 0.430473109375 0.388473071875 0.3946581734375
2 0.508143515625 0.48081006875 0.4820962890625 0.62853123125 0.549801821875 0.64046954375 0.5758490484375 0.49274838125000003 0.508143515625 0.48081006875
1 0.3882167734375 0.5040886625 0.3857748453125 0.517937521875 0.4257826609375 0.524991978125 0.42822458750000003 0.51114311875 0.3882167734375 0.5040886625
2 0.44044173906250006 0.4958446875 0.418735715625 0.6189456578125 0.48336372499999997 0.63034131875 0.5050697468750001 0.50724035 0.44044173906250006 0.4958446875
11 0.44270528750000004 0.501003625 0.433751553125 0.5517827750000001 0.49376327499999995 0.5623644609375 0.502717009375 0.5115853109375 0.44270528750000004 0.501003625
1 0.5132132625 0.4880504171875 0.509957359375 0.5065155640625 0.5653527953124999 0.5162832734375 0.5686086984375 0.49781812812500004 0.5132132625 0.4880504171875
2 0.38133693750000003 0.49811575 0.36180151875 0.608906621875 0.41104190625000003 0.61758903125 0.43057732499999996 0.5067981578125 0.38133693750000003 0.49811575
1 0.3681349453125 0.5909841265625 0.36569301875 0.6048329859375 0.40877835781250005 0.61243009375 0.41122028437499997 0.598581234375 0.3681349453125 0.5909841265625