0 0.5421875 0.6140625 0.584375 0.6140625 0.584375 0.5703125 0.5421875 0.5703125 0.5421875 0.6140625
0 0.5078125 0.49375 0.565625 0.49375 0.565625 0.43125 0.5078125 0.43125 0.5078125 0.49375
9 0.5734375 0.5546875 0.628125 0.5546875 0.628125 0.4984375 0.5734375 0.4984375 0.5734375 0.5546875
12 0.5734375 0.490625 0.625 0.490625 0.625 0.4328125 0.5734375 0.4328125 0.5734375 0.490625
3 0.415625 0.628125 0.6453125 0.628125 0.6453125 0.421875 0.415625 0.421875 0.415625 0.628125
2 0.4796875 0.4953125 0.6296875 0.4953125 0.6296875 0.4265625 0.4796875 0.4265625 0.4796875 0.4953125
1 0.5234375 0.609375 0.5375 0.609375 0.5375 0.56875 0.5234375 0.56875 0.5234375 0.609375
2 0.50625 0.559375 0.63125 0.559375 0.63125 0.49375 0.50625 0.49375 0.50625 0.559375
11 0.5109375 0.55625 0.5625 0.55625 0.5625 0.4953125 0.5109375 0.4953125 0.5109375 0.55625
1 0.4859375 0.4890625 0.5046875 0.4890625 0.5046875 0.4328125 0.4859375 0.4328125 0.4859375 0.4890625
2 0.51875 0.6171875 0.63125 0.6171875 0.63125 0.5671875 0.51875 0.5671875 0.51875 0.6171875
1 0.6125 0.6140625 0.6265625 0.6140625 0.6265625 0.5703125 0.6125 0.5703125 0.6125 0.6140625