0 0.5580683859375 0.61168021875 0.600204778125 0.6065065203125 0.5948394609375 0.5628095203125 0.55270306875 0.56798321875 0.5580683859375 0.61168021875
0 0.50898040625 0.495729075 0.5667228703125 0.488639190625 0.55905813125 0.4262149046875 0.5013156671875 0.43330478906250003 0.50898040625 0.495729075
9 0.5819990265625 0.548544778125 0.636620278125 0.54183813125 0.6297220125 0.4856562734375 0.5751007625 0.49236292031250006 0.5819990265625 0.548544778125
12 0.5741426703125 0.48455988593750005 0.6256427062500001 0.4782364765625 0.618552821875 0.42049401093750005 0.5670527875 0.4268174203125 0.5741426703125 0.48455988593750005
3 0.433383771875 0.6412467796875 0.6627930234375 0.613078865625 0.6374993859375 0.4070787203125 0.40809013437499997 0.435246634375 0.433383771875 0.6412467796875
2 0.48108109531250004 0.500738815625 0.6308993828125 0.48234344218749997 0.6224681703125 0.4136767265625 0.4726498828125 0.43207209999999996 0.48108109531250004 0.500738815625
1 0.53876624375 0.6092978203125 0.552811709375 0.607573253125 0.5478296281249999 0.5669974671875 0.5337841640625001 0.5687220328125 0.53876624375 0.6092978203125
2 0.5154677750000001 0.5614661937500001 0.6403163468749999 0.546136715625 0.6322683703124999 0.48059121562499996 0.5074198 0.4959206921875 0.5154677750000001 0.5614661937500001
11 0.5197663578125 0.557770125 0.5712663953125 0.551446715625 0.563793275 0.49058303593749997 0.5122932375 0.4969064453125 0.5197663578125 0.557770125
1 0.48655705156250006 0.4937299109375 0.5052843359375 0.4914304890625 0.498386071875 0.4352486328125 0.4796587859375 0.437548053125 0.48655705156250006 0.4937299109375
2 0.5350425140625 0.6176757109375 0.6474062296875001 0.6038791828125001 0.6412744390625 0.553939753125 0.5289107234375 0.5677362828125 0.5350425140625 0.6176757109375
1 0.6282957062500001 0.6030573890625 0.642341171875 0.601332821875 0.6369758546875001 0.557635821875 0.6229303890625 0.5593603875000001 0.6282957062500001 0.6030573890625