11 0.508851596875 0.42066703437499997 0.4651615546875 0.41837733593750004 0.46246298281250003 0.46986917031250003 0.5061530249999999 0.47215886874999996 0.508851596875 0.42066703437499997
11 0.4657671546875 0.556097771875 0.40491316718750003 0.5529085484375 0.4009879703125 0.6278057640625 0.4618419578125 0.6309949859375 0.4657671546875 0.556097771875
9 0.4696105765625 0.482760915625 0.4071962296875 0.47948991718749995 0.40359813281249995 0.5481456984374999 0.46601247968750004 0.5514166953124999 0.4696105765625 0.482760915625
10 0.4590018953125 0.41648987656249997 0.41531185312499996 0.4142001796875 0.41244973125 0.46881273125 0.4561397734375 0.47110242968750005 0.4590018953125 0.41648987656249997
2 0.5169804906250001 0.41483447343749996 0.410876103125 0.40927377812500004 0.40760510468750005 0.471688125 0.51370949375 0.47724882031250004 0.5169804906250001 0.41483447343749996
3 0.656588384375 0.408069215625 0.396008490625 0.3944128015625 0.3827609515625 0.6471909015625 0.6433408453125 0.660847315625 0.656588384375 0.408069215625
2 0.574992259375 0.5618220171874999 0.400232090625 0.5526632234375 0.3957344703125 0.63848295 0.5704946390625001 0.6476417421875 0.574992259375 0.5618220171874999
7 0.5390222359375 0.5615015515625 0.47036645625 0.5579034546874999 0.46652303437500003 0.6312403109375 0.5351788140625 0.6348384078125 0.5390222359375 0.5615015515625
2 0.552554909375 0.4824139109375 0.4027604796875 0.47456351718749995 0.3985081828125 0.5557021671875 0.5483026125 0.5635525593749999 0.552554909375 0.4824139109375
13 0.5430292078125001 0.48504397812500005 0.47437342656250003 0.48144588125 0.4705300046875 0.5547827375 0.5391857859375 0.5583808343750001 0.5430292078125001 0.48504397812500005
1 0.5650576828125 0.572253878125 0.5400919453124999 0.570945478125 0.5367391734375 0.6349201828125 0.5617049109375001 0.6362285828124999 0.5650576828125 0.572253878125
3 0.5171875 0.5265625 0.278125 0.2640625