0 0.5440251578125 0.617924528125 0.5864779875 0.617924528125 0.5864779875 0.5738993703124999 0.5440251578125 0.5738993703124999 0.5440251578125 0.617924528125
0 0.5094339625 0.4968553453125 0.5676100625 0.4968553453125 0.5676100625 0.43396226406249994 0.5094339625 0.43396226406249994 0.5094339625 0.4968553453125
9 0.5754716984375 0.5581761000000001 0.6305031453125001 0.5581761000000001 0.6305031453125001 0.5015723265625 0.5754716984375 0.5015723265625 0.5754716984375 0.5581761000000001
12 0.5754716984375 0.4937106921875 0.627358490625 0.4937106921875 0.627358490625 0.435534590625 0.5754716984375 0.435534590625 0.5754716984375 0.4937106921875
3 0.4166666671875 0.632075471875 0.6477987421875 0.632075471875 0.6477987421875 0.4245283015625 0.4166666671875 0.4245283015625 0.4166666671875 0.632075471875
2 0.481132075 0.49842767343750005 0.632075471875 0.49842767343750005 0.632075471875 0.42924528281249996 0.481132075 0.42924528281249996 0.481132075 0.49842767343750005
1 0.5251572328125 0.613207546875 0.5393081765625001 0.613207546875 0.5393081765625001 0.57232704375 0.5251572328125 0.57232704375 0.5251572328125 0.613207546875
2 0.5078616359375 0.56289308125 0.6336477984375 0.56289308125 0.6336477984375 0.4968553453125 0.5078616359375 0.4968553453125 0.5078616359375 0.56289308125
11 0.5125786156250001 0.559748428125 0.564465409375 0.559748428125 0.564465409375 0.49842767343750005 0.5125786156250001 0.49842767343750005 0.5125786156250001 0.559748428125
1 0.487421384375 0.4921383640625 0.5062893078124999 0.4921383640625 0.5062893078124999 0.435534590625 0.487421384375 0.435534590625 0.487421384375 0.4921383640625
2 0.5204402515625 0.6210691828125 0.6336477984375 0.6210691828125 0.6336477984375 0.5707547171875 0.5204402515625 0.5707547171875 0.5204402515625 0.6210691828125
1 0.6147798734375 0.617924528125 0.6289308171875 0.617924528125 0.6289308171875 0.5738993703124999 0.6147798734375 0.5738993703124999 0.6147798734375 0.617924528125