3 0.53515625 0.52109375 0.2765625 0.2578125
2 0.5484375 0.45234375 0.1671875 0.1
2 0.5765625 0.51484375 0.1375 0.09375
2 0.59609375 0.57578125 0.1234375 0.0796875
1 0.553125 0.584375 0.0234375 0.0421875
1 0.640625 0.565625 0.0234375 0.0421875
0 0.584375 0.578125 0.0484375 0.053125
0 0.53046875 0.45859375 0.0640625 0.06875
1 0.4890625 0.4671875 0.03125 0.0578125
12 0.59140625 0.44375 0.059375 0.0671875
11 0.54375 0.52109375 0.0609375 0.0703125
9 0.60703125 0.5078125 0.059375 0.0609375
2 0.54921875 0.453125 0.1671875 0.103125