0 0.396082903125 0.5631765484375 0.4041326578125 0.6045889453125 0.44707884687500005 0.5962410515625 0.43902909375 0.5548286546875 0.396082903125 0.5631765484375
0 0.507625865625 0.50647640625 0.5186570109375 0.563226728125 0.580008709375 0.551301165625 0.5689775640625 0.49455084375 0.507625865625 0.50647640625
9 0.4603297984375 0.5825231125 0.47076466562499997 0.63620585 0.5259811953125 0.62547284375 0.515546328125 0.5717901078125001 0.4603297984375 0.5825231125
12 0.5232152906249999 0.5702994125 0.5330538796875001 0.6209145640625 0.5898042015625 0.60988341875 0.5799656125 0.5592682671875 0.5232152906249999 0.5702994125
3 0.3581295078125 0.441622609375 0.40195594999999995 0.667090103125 0.60441655625 0.627735746875 0.5605901140625 0.40226825312500003 0.3581295078125 0.441622609375
2 0.5007255703125 0.47916628125000005 0.5293469187500001 0.6264103578125 0.5968337874999999 0.6132922390625 0.5682124390625 0.46604816250000003 0.5007255703125 0.47916628125000005
1 0.3971066125 0.5438766203125 0.3997898640625 0.557680753125 0.43966846875 0.5499291375 0.43698521718750005 0.53612500625 0.3971066125 0.5438766203125
2 0.44290844218750003 0.5174644546875 0.46675956718749995 0.6401678515625 0.53117885 0.6276460109374999 0.5073277265625 0.5049426140625 0.44290844218750003 0.5174644546875
11 0.44687044374999996 0.521469553125 0.4567090328125 0.5720847046875 0.5165269390625 0.5604572812499999 0.5066883515625 0.5098421296875 0.44687044374999996 0.521469553125
1 0.5080532953125 0.48410889375000005 0.5116309640625001 0.5025144046875 0.56684749375 0.4917813984375 0.563269825 0.47337588906250005 0.5080532953125 0.48410889375000005
2 0.3885432328125 0.5407659390624999 0.4100092453125 0.651198996875 0.4590906046875 0.641658546875 0.43762459218750005 0.5312254890625 0.3885432328125 0.5407659390624999
1 0.40949916093749994 0.632197209375 0.4121824125 0.6460013421874999 0.4551286015625 0.6376534484375 0.45244534999999997 0.623849315625 0.40949916093749994 0.632197209375